435
326
448
329
535341
3498
679486
258687
361
370
342
42664
328
312
77263
2360
430
77269
476
32898
46708
44386
444
397667
49684
322
44168
42782
279102
111543
1143242
43395
42770
447301
689
324
389
4374
77335
526
957887
2213
46225
474
1108577
407636
44745
688
8124
280172
387556
42736
5273
25108
43869
41519
522
41520
381
8221
649917
573759
1219177
586397
355
714248
44027
470553
441
803422
63912
77283
278522
46745
5502
77264
301
572553
89514
63991
325
694633
725190
42571
5928
2656
462682
8408
458
195334
81314
775276
2428
4871
4541
592260
7724
45660
6006
5277
